{
 "cells": [
  {
   "cell_type": "code",
   "execution_count": 1,
   "id": "fa5ddb5d",
   "metadata": {},
   "outputs": [
    {
     "name": "stderr",
     "output_type": "stream",
     "text": [
      "C:\\Users\\sitar\\anaconda3\\lib\\site-packages\\scipy\\__init__.py:146: UserWarning: A NumPy version >=1.16.5 and <1.23.0 is required for this version of SciPy (detected version 1.26.4\n",
      "  warnings.warn(f\"A NumPy version >={np_minversion} and <{np_maxversion}\"\n"
     ]
    }
   ],
   "source": [
    "import pandas as pd\n",
    "import matplotlib.pyplot as plt\n",
    "import seaborn as sns\n",
    "import numpy as np\n",
    "import scipy.stats as stats\n",
    "from matplotlib.pyplot import pcolor\n"
   ]
  },
  {
   "cell_type": "code",
   "execution_count": 2,
   "id": "e1c0a24f",
   "metadata": {},
   "outputs": [],
   "source": [
    "from ucimlrepo import fetch_ucirepo\n",
    "automobile = fetch_ucirepo(id=10)\n",
    "df = automobile.data.features\n",
    "y = automobile.data.targets"
   ]
  },
  {
   "cell_type": "code",
   "execution_count": 3,
   "id": "2886d306",
   "metadata": {},
   "outputs": [],
   "source": [
    "%matplotlib inline"
   ]
  },
  {
   "cell_type": "markdown",
   "id": "55b783c1",
   "metadata": {},
   "source": [
    "### Basic things first, let's view the data and it's features "
   ]
  },
  {
   "cell_type": "code",
   "execution_count": 4,
   "id": "58085333",
   "metadata": {},
   "outputs": [
    {
     "data": {
      "text/html": [
       "<div>\n",
       "<style scoped>\n",
       "    .dataframe tbody tr th:only-of-type {\n",
       "        vertical-align: middle;\n",
       "    }\n",
       "\n",
       "    .dataframe tbody tr th {\n",
       "        vertical-align: top;\n",
       "    }\n",
       "\n",
       "    .dataframe thead th {\n",
       "        text-align: right;\n",
       "    }\n",
       "</style>\n",
       "<table border=\"1\" class=\"dataframe\">\n",
       "  <thead>\n",
       "    <tr style=\"text-align: right;\">\n",
       "      <th></th>\n",
       "      <th>price</th>\n",
       "      <th>highway-mpg</th>\n",
       "      <th>city-mpg</th>\n",
       "      <th>peak-rpm</th>\n",
       "      <th>horsepower</th>\n",
       "      <th>compression-ratio</th>\n",
       "      <th>stroke</th>\n",
       "      <th>bore</th>\n",
       "      <th>fuel-system</th>\n",
       "      <th>engine-size</th>\n",
       "      <th>...</th>\n",
       "      <th>length</th>\n",
       "      <th>wheel-base</th>\n",
       "      <th>engine-location</th>\n",
       "      <th>drive-wheels</th>\n",
       "      <th>body-style</th>\n",
       "      <th>num-of-doors</th>\n",
       "      <th>aspiration</th>\n",
       "      <th>fuel-type</th>\n",
       "      <th>make</th>\n",
       "      <th>normalized-losses</th>\n",
       "    </tr>\n",
       "  </thead>\n",
       "  <tbody>\n",
       "    <tr>\n",
       "      <th>0</th>\n",
       "      <td>13495.0</td>\n",
       "      <td>27</td>\n",
       "      <td>21</td>\n",
       "      <td>5000.0</td>\n",
       "      <td>111.0</td>\n",
       "      <td>9.0</td>\n",
       "      <td>2.68</td>\n",
       "      <td>3.47</td>\n",
       "      <td>mpfi</td>\n",
       "      <td>130</td>\n",
       "      <td>...</td>\n",
       "      <td>168.8</td>\n",
       "      <td>88.6</td>\n",
       "      <td>front</td>\n",
       "      <td>rwd</td>\n",
       "      <td>convertible</td>\n",
       "      <td>2.0</td>\n",
       "      <td>std</td>\n",
       "      <td>gas</td>\n",
       "      <td>alfa-romero</td>\n",
       "      <td>NaN</td>\n",
       "    </tr>\n",
       "    <tr>\n",
       "      <th>1</th>\n",
       "      <td>16500.0</td>\n",
       "      <td>27</td>\n",
       "      <td>21</td>\n",
       "      <td>5000.0</td>\n",
       "      <td>111.0</td>\n",
       "      <td>9.0</td>\n",
       "      <td>2.68</td>\n",
       "      <td>3.47</td>\n",
       "      <td>mpfi</td>\n",
       "      <td>130</td>\n",
       "      <td>...</td>\n",
       "      <td>168.8</td>\n",
       "      <td>88.6</td>\n",
       "      <td>front</td>\n",
       "      <td>rwd</td>\n",
       "      <td>convertible</td>\n",
       "      <td>2.0</td>\n",
       "      <td>std</td>\n",
       "      <td>gas</td>\n",
       "      <td>alfa-romero</td>\n",
       "      <td>NaN</td>\n",
       "    </tr>\n",
       "    <tr>\n",
       "      <th>2</th>\n",
       "      <td>16500.0</td>\n",
       "      <td>26</td>\n",
       "      <td>19</td>\n",
       "      <td>5000.0</td>\n",
       "      <td>154.0</td>\n",
       "      <td>9.0</td>\n",
       "      <td>3.47</td>\n",
       "      <td>2.68</td>\n",
       "      <td>mpfi</td>\n",
       "      <td>152</td>\n",
       "      <td>...</td>\n",
       "      <td>171.2</td>\n",
       "      <td>94.5</td>\n",
       "      <td>front</td>\n",
       "      <td>rwd</td>\n",
       "      <td>hatchback</td>\n",
       "      <td>2.0</td>\n",
       "      <td>std</td>\n",
       "      <td>gas</td>\n",
       "      <td>alfa-romero</td>\n",
       "      <td>NaN</td>\n",
       "    </tr>\n",
       "    <tr>\n",
       "      <th>3</th>\n",
       "      <td>13950.0</td>\n",
       "      <td>30</td>\n",
       "      <td>24</td>\n",
       "      <td>5500.0</td>\n",
       "      <td>102.0</td>\n",
       "      <td>10.0</td>\n",
       "      <td>3.40</td>\n",
       "      <td>3.19</td>\n",
       "      <td>mpfi</td>\n",
       "      <td>109</td>\n",
       "      <td>...</td>\n",
       "      <td>176.6</td>\n",
       "      <td>99.8</td>\n",
       "      <td>front</td>\n",
       "      <td>fwd</td>\n",
       "      <td>sedan</td>\n",
       "      <td>4.0</td>\n",
       "      <td>std</td>\n",
       "      <td>gas</td>\n",
       "      <td>audi</td>\n",
       "      <td>164.0</td>\n",
       "    </tr>\n",
       "    <tr>\n",
       "      <th>4</th>\n",
       "      <td>17450.0</td>\n",
       "      <td>22</td>\n",
       "      <td>18</td>\n",
       "      <td>5500.0</td>\n",
       "      <td>115.0</td>\n",
       "      <td>8.0</td>\n",
       "      <td>3.40</td>\n",
       "      <td>3.19</td>\n",
       "      <td>mpfi</td>\n",
       "      <td>136</td>\n",
       "      <td>...</td>\n",
       "      <td>176.6</td>\n",
       "      <td>99.4</td>\n",
       "      <td>front</td>\n",
       "      <td>4wd</td>\n",
       "      <td>sedan</td>\n",
       "      <td>4.0</td>\n",
       "      <td>std</td>\n",
       "      <td>gas</td>\n",
       "      <td>audi</td>\n",
       "      <td>164.0</td>\n",
       "    </tr>\n",
       "  </tbody>\n",
       "</table>\n",
       "<p>5 rows × 25 columns</p>\n",
       "</div>"
      ],
      "text/plain": [
       "     price  highway-mpg  city-mpg  peak-rpm  horsepower  compression-ratio  \\\n",
       "0  13495.0           27        21    5000.0       111.0                9.0   \n",
       "1  16500.0           27        21    5000.0       111.0                9.0   \n",
       "2  16500.0           26        19    5000.0       154.0                9.0   \n",
       "3  13950.0           30        24    5500.0       102.0               10.0   \n",
       "4  17450.0           22        18    5500.0       115.0                8.0   \n",
       "\n",
       "   stroke  bore fuel-system  engine-size  ...  length wheel-base  \\\n",
       "0    2.68  3.47        mpfi          130  ...   168.8       88.6   \n",
       "1    2.68  3.47        mpfi          130  ...   168.8       88.6   \n",
       "2    3.47  2.68        mpfi          152  ...   171.2       94.5   \n",
       "3    3.40  3.19        mpfi          109  ...   176.6       99.8   \n",
       "4    3.40  3.19        mpfi          136  ...   176.6       99.4   \n",
       "\n",
       "   engine-location  drive-wheels   body-style  num-of-doors  aspiration  \\\n",
       "0            front           rwd  convertible           2.0         std   \n",
       "1            front           rwd  convertible           2.0         std   \n",
       "2            front           rwd    hatchback           2.0         std   \n",
       "3            front           fwd        sedan           4.0         std   \n",
       "4            front           4wd        sedan           4.0         std   \n",
       "\n",
       "  fuel-type         make normalized-losses  \n",
       "0       gas  alfa-romero               NaN  \n",
       "1       gas  alfa-romero               NaN  \n",
       "2       gas  alfa-romero               NaN  \n",
       "3       gas         audi             164.0  \n",
       "4       gas         audi             164.0  \n",
       "\n",
       "[5 rows x 25 columns]"
      ]
     },
     "execution_count": 4,
     "metadata": {},
     "output_type": "execute_result"
    }
   ],
   "source": [
    "df.head()"
   ]
  },
  {
   "cell_type": "markdown",
   "id": "832eee16",
   "metadata": {},
   "source": [
    "trying to analyze the datatype of each feature in the df"
   ]
  },
  {
   "cell_type": "code",
   "execution_count": 5,
   "id": "18c8bf98",
   "metadata": {},
   "outputs": [
    {
     "data": {
      "text/plain": [
       "price                float64\n",
       "highway-mpg            int64\n",
       "city-mpg               int64\n",
       "peak-rpm             float64\n",
       "horsepower           float64\n",
       "compression-ratio    float64\n",
       "stroke               float64\n",
       "bore                 float64\n",
       "fuel-system           object\n",
       "engine-size            int64\n",
       "num-of-cylinders       int64\n",
       "engine-type           object\n",
       "curb-weight            int64\n",
       "height               float64\n",
       "width                float64\n",
       "length               float64\n",
       "wheel-base           float64\n",
       "engine-location       object\n",
       "drive-wheels          object\n",
       "body-style            object\n",
       "num-of-doors         float64\n",
       "aspiration            object\n",
       "fuel-type             object\n",
       "make                  object\n",
       "normalized-losses    float64\n",
       "dtype: object"
      ]
     },
     "execution_count": 5,
     "metadata": {},
     "output_type": "execute_result"
    }
   ],
   "source": [
    "df.dtypes"
   ]
  },
  {
   "cell_type": "code",
   "execution_count": 6,
   "id": "9c7a6ff3",
   "metadata": {},
   "outputs": [
    {
     "data": {
      "text/html": [
       "<div>\n",
       "<style scoped>\n",
       "    .dataframe tbody tr th:only-of-type {\n",
       "        vertical-align: middle;\n",
       "    }\n",
       "\n",
       "    .dataframe tbody tr th {\n",
       "        vertical-align: top;\n",
       "    }\n",
       "\n",
       "    .dataframe thead th {\n",
       "        text-align: right;\n",
       "    }\n",
       "</style>\n",
       "<table border=\"1\" class=\"dataframe\">\n",
       "  <thead>\n",
       "    <tr style=\"text-align: right;\">\n",
       "      <th></th>\n",
       "      <th>price</th>\n",
       "      <th>highway-mpg</th>\n",
       "      <th>city-mpg</th>\n",
       "      <th>peak-rpm</th>\n",
       "      <th>horsepower</th>\n",
       "      <th>compression-ratio</th>\n",
       "      <th>stroke</th>\n",
       "      <th>bore</th>\n",
       "      <th>engine-size</th>\n",
       "      <th>num-of-cylinders</th>\n",
       "      <th>curb-weight</th>\n",
       "      <th>height</th>\n",
       "      <th>width</th>\n",
       "      <th>length</th>\n",
       "      <th>wheel-base</th>\n",
       "      <th>num-of-doors</th>\n",
       "      <th>normalized-losses</th>\n",
       "    </tr>\n",
       "  </thead>\n",
       "  <tbody>\n",
       "    <tr>\n",
       "      <th>price</th>\n",
       "      <td>1.000000</td>\n",
       "      <td>-0.704692</td>\n",
       "      <td>-0.686571</td>\n",
       "      <td>-0.101649</td>\n",
       "      <td>0.810533</td>\n",
       "      <td>0.071107</td>\n",
       "      <td>0.082310</td>\n",
       "      <td>0.543436</td>\n",
       "      <td>0.872335</td>\n",
       "      <td>0.708645</td>\n",
       "      <td>0.834415</td>\n",
       "      <td>0.135486</td>\n",
       "      <td>0.751265</td>\n",
       "      <td>0.690628</td>\n",
       "      <td>0.584642</td>\n",
       "      <td>0.046532</td>\n",
       "      <td>0.203254</td>\n",
       "    </tr>\n",
       "    <tr>\n",
       "      <th>highway-mpg</th>\n",
       "      <td>-0.704692</td>\n",
       "      <td>1.000000</td>\n",
       "      <td>0.971337</td>\n",
       "      <td>-0.054257</td>\n",
       "      <td>-0.770908</td>\n",
       "      <td>0.265201</td>\n",
       "      <td>-0.044528</td>\n",
       "      <td>-0.594572</td>\n",
       "      <td>-0.677470</td>\n",
       "      <td>-0.466666</td>\n",
       "      <td>-0.797465</td>\n",
       "      <td>-0.107358</td>\n",
       "      <td>-0.677218</td>\n",
       "      <td>-0.704662</td>\n",
       "      <td>-0.544082</td>\n",
       "      <td>-0.044507</td>\n",
       "      <td>-0.210768</td>\n",
       "    </tr>\n",
       "    <tr>\n",
       "      <th>city-mpg</th>\n",
       "      <td>-0.686571</td>\n",
       "      <td>0.971337</td>\n",
       "      <td>1.000000</td>\n",
       "      <td>-0.113788</td>\n",
       "      <td>-0.803620</td>\n",
       "      <td>0.324701</td>\n",
       "      <td>-0.042906</td>\n",
       "      <td>-0.594584</td>\n",
       "      <td>-0.653658</td>\n",
       "      <td>-0.445837</td>\n",
       "      <td>-0.757414</td>\n",
       "      <td>-0.048640</td>\n",
       "      <td>-0.642704</td>\n",
       "      <td>-0.670909</td>\n",
       "      <td>-0.470414</td>\n",
       "      <td>-0.020812</td>\n",
       "      <td>-0.258502</td>\n",
       "    </tr>\n",
       "    <tr>\n",
       "      <th>peak-rpm</th>\n",
       "      <td>-0.101649</td>\n",
       "      <td>-0.054257</td>\n",
       "      <td>-0.113788</td>\n",
       "      <td>1.000000</td>\n",
       "      <td>0.130971</td>\n",
       "      <td>-0.436221</td>\n",
       "      <td>-0.071493</td>\n",
       "      <td>-0.264269</td>\n",
       "      <td>-0.244618</td>\n",
       "      <td>-0.124434</td>\n",
       "      <td>-0.266306</td>\n",
       "      <td>-0.322272</td>\n",
       "      <td>-0.219957</td>\n",
       "      <td>-0.287325</td>\n",
       "      <td>-0.361052</td>\n",
       "      <td>-0.242485</td>\n",
       "      <td>0.264597</td>\n",
       "    </tr>\n",
       "    <tr>\n",
       "      <th>horsepower</th>\n",
       "      <td>0.810533</td>\n",
       "      <td>-0.770908</td>\n",
       "      <td>-0.803620</td>\n",
       "      <td>0.130971</td>\n",
       "      <td>1.000000</td>\n",
       "      <td>-0.205874</td>\n",
       "      <td>0.090254</td>\n",
       "      <td>0.577273</td>\n",
       "      <td>0.810773</td>\n",
       "      <td>0.691633</td>\n",
       "      <td>0.751034</td>\n",
       "      <td>-0.110711</td>\n",
       "      <td>0.642482</td>\n",
       "      <td>0.555003</td>\n",
       "      <td>0.352297</td>\n",
       "      <td>-0.124963</td>\n",
       "      <td>0.295772</td>\n",
       "    </tr>\n",
       "    <tr>\n",
       "      <th>compression-ratio</th>\n",
       "      <td>0.071107</td>\n",
       "      <td>0.265201</td>\n",
       "      <td>0.324701</td>\n",
       "      <td>-0.436221</td>\n",
       "      <td>-0.205874</td>\n",
       "      <td>1.000000</td>\n",
       "      <td>0.186170</td>\n",
       "      <td>0.005203</td>\n",
       "      <td>0.028971</td>\n",
       "      <td>-0.020002</td>\n",
       "      <td>0.151362</td>\n",
       "      <td>0.261214</td>\n",
       "      <td>0.181129</td>\n",
       "      <td>0.158414</td>\n",
       "      <td>0.249786</td>\n",
       "      <td>0.165799</td>\n",
       "      <td>-0.132654</td>\n",
       "    </tr>\n",
       "    <tr>\n",
       "      <th>stroke</th>\n",
       "      <td>0.082310</td>\n",
       "      <td>-0.044528</td>\n",
       "      <td>-0.042906</td>\n",
       "      <td>-0.071493</td>\n",
       "      <td>0.090254</td>\n",
       "      <td>0.186170</td>\n",
       "      <td>1.000000</td>\n",
       "      <td>-0.055909</td>\n",
       "      <td>0.206675</td>\n",
       "      <td>0.008578</td>\n",
       "      <td>0.168929</td>\n",
       "      <td>-0.056999</td>\n",
       "      <td>0.182956</td>\n",
       "      <td>0.129739</td>\n",
       "      <td>0.161477</td>\n",
       "      <td>-0.010697</td>\n",
       "      <td>0.065627</td>\n",
       "    </tr>\n",
       "    <tr>\n",
       "      <th>bore</th>\n",
       "      <td>0.543436</td>\n",
       "      <td>-0.594572</td>\n",
       "      <td>-0.594584</td>\n",
       "      <td>-0.264269</td>\n",
       "      <td>0.577273</td>\n",
       "      <td>0.005203</td>\n",
       "      <td>-0.055909</td>\n",
       "      <td>1.000000</td>\n",
       "      <td>0.594090</td>\n",
       "      <td>0.243553</td>\n",
       "      <td>0.649045</td>\n",
       "      <td>0.176195</td>\n",
       "      <td>0.559204</td>\n",
       "      <td>0.607480</td>\n",
       "      <td>0.490378</td>\n",
       "      <td>0.114501</td>\n",
       "      <td>-0.036167</td>\n",
       "    </tr>\n",
       "    <tr>\n",
       "      <th>engine-size</th>\n",
       "      <td>0.872335</td>\n",
       "      <td>-0.677470</td>\n",
       "      <td>-0.653658</td>\n",
       "      <td>-0.244618</td>\n",
       "      <td>0.810773</td>\n",
       "      <td>0.028971</td>\n",
       "      <td>0.206675</td>\n",
       "      <td>0.594090</td>\n",
       "      <td>1.000000</td>\n",
       "      <td>0.846031</td>\n",
       "      <td>0.850594</td>\n",
       "      <td>0.067149</td>\n",
       "      <td>0.735433</td>\n",
       "      <td>0.683360</td>\n",
       "      <td>0.569329</td>\n",
       "      <td>0.017519</td>\n",
       "      <td>0.167365</td>\n",
       "    </tr>\n",
       "    <tr>\n",
       "      <th>num-of-cylinders</th>\n",
       "      <td>0.708645</td>\n",
       "      <td>-0.466666</td>\n",
       "      <td>-0.445837</td>\n",
       "      <td>-0.124434</td>\n",
       "      <td>0.691633</td>\n",
       "      <td>-0.020002</td>\n",
       "      <td>0.008578</td>\n",
       "      <td>0.243553</td>\n",
       "      <td>0.846031</td>\n",
       "      <td>1.000000</td>\n",
       "      <td>0.609727</td>\n",
       "      <td>-0.013995</td>\n",
       "      <td>0.545007</td>\n",
       "      <td>0.430672</td>\n",
       "      <td>0.339507</td>\n",
       "      <td>-0.016530</td>\n",
       "      <td>0.175380</td>\n",
       "    </tr>\n",
       "    <tr>\n",
       "      <th>curb-weight</th>\n",
       "      <td>0.834415</td>\n",
       "      <td>-0.797465</td>\n",
       "      <td>-0.757414</td>\n",
       "      <td>-0.266306</td>\n",
       "      <td>0.751034</td>\n",
       "      <td>0.151362</td>\n",
       "      <td>0.168929</td>\n",
       "      <td>0.649045</td>\n",
       "      <td>0.850594</td>\n",
       "      <td>0.609727</td>\n",
       "      <td>1.000000</td>\n",
       "      <td>0.295572</td>\n",
       "      <td>0.867032</td>\n",
       "      <td>0.877728</td>\n",
       "      <td>0.776386</td>\n",
       "      <td>0.195683</td>\n",
       "      <td>0.119893</td>\n",
       "    </tr>\n",
       "    <tr>\n",
       "      <th>height</th>\n",
       "      <td>0.135486</td>\n",
       "      <td>-0.107358</td>\n",
       "      <td>-0.048640</td>\n",
       "      <td>-0.322272</td>\n",
       "      <td>-0.110711</td>\n",
       "      <td>0.261214</td>\n",
       "      <td>-0.056999</td>\n",
       "      <td>0.176195</td>\n",
       "      <td>0.067149</td>\n",
       "      <td>-0.013995</td>\n",
       "      <td>0.295572</td>\n",
       "      <td>1.000000</td>\n",
       "      <td>0.279210</td>\n",
       "      <td>0.491029</td>\n",
       "      <td>0.589435</td>\n",
       "      <td>0.547651</td>\n",
       "      <td>-0.432335</td>\n",
       "    </tr>\n",
       "    <tr>\n",
       "      <th>width</th>\n",
       "      <td>0.751265</td>\n",
       "      <td>-0.677218</td>\n",
       "      <td>-0.642704</td>\n",
       "      <td>-0.219957</td>\n",
       "      <td>0.642482</td>\n",
       "      <td>0.181129</td>\n",
       "      <td>0.182956</td>\n",
       "      <td>0.559204</td>\n",
       "      <td>0.735433</td>\n",
       "      <td>0.545007</td>\n",
       "      <td>0.867032</td>\n",
       "      <td>0.279210</td>\n",
       "      <td>1.000000</td>\n",
       "      <td>0.841118</td>\n",
       "      <td>0.795144</td>\n",
       "      <td>0.202072</td>\n",
       "      <td>0.105073</td>\n",
       "    </tr>\n",
       "    <tr>\n",
       "      <th>length</th>\n",
       "      <td>0.690628</td>\n",
       "      <td>-0.704662</td>\n",
       "      <td>-0.670909</td>\n",
       "      <td>-0.287325</td>\n",
       "      <td>0.555003</td>\n",
       "      <td>0.158414</td>\n",
       "      <td>0.129739</td>\n",
       "      <td>0.607480</td>\n",
       "      <td>0.683360</td>\n",
       "      <td>0.430672</td>\n",
       "      <td>0.877728</td>\n",
       "      <td>0.491029</td>\n",
       "      <td>0.841118</td>\n",
       "      <td>1.000000</td>\n",
       "      <td>0.874587</td>\n",
       "      <td>0.393593</td>\n",
       "      <td>0.023220</td>\n",
       "    </tr>\n",
       "    <tr>\n",
       "      <th>wheel-base</th>\n",
       "      <td>0.584642</td>\n",
       "      <td>-0.544082</td>\n",
       "      <td>-0.470414</td>\n",
       "      <td>-0.361052</td>\n",
       "      <td>0.352297</td>\n",
       "      <td>0.249786</td>\n",
       "      <td>0.161477</td>\n",
       "      <td>0.490378</td>\n",
       "      <td>0.569329</td>\n",
       "      <td>0.339507</td>\n",
       "      <td>0.776386</td>\n",
       "      <td>0.589435</td>\n",
       "      <td>0.795144</td>\n",
       "      <td>0.874587</td>\n",
       "      <td>1.000000</td>\n",
       "      <td>0.445696</td>\n",
       "      <td>-0.074362</td>\n",
       "    </tr>\n",
       "    <tr>\n",
       "      <th>num-of-doors</th>\n",
       "      <td>0.046532</td>\n",
       "      <td>-0.044507</td>\n",
       "      <td>-0.020812</td>\n",
       "      <td>-0.242485</td>\n",
       "      <td>-0.124963</td>\n",
       "      <td>0.165799</td>\n",
       "      <td>-0.010697</td>\n",
       "      <td>0.114501</td>\n",
       "      <td>0.017519</td>\n",
       "      <td>-0.016530</td>\n",
       "      <td>0.195683</td>\n",
       "      <td>0.547651</td>\n",
       "      <td>0.202072</td>\n",
       "      <td>0.393593</td>\n",
       "      <td>0.445696</td>\n",
       "      <td>1.000000</td>\n",
       "      <td>-0.407134</td>\n",
       "    </tr>\n",
       "    <tr>\n",
       "      <th>normalized-losses</th>\n",
       "      <td>0.203254</td>\n",
       "      <td>-0.210768</td>\n",
       "      <td>-0.258502</td>\n",
       "      <td>0.264597</td>\n",
       "      <td>0.295772</td>\n",
       "      <td>-0.132654</td>\n",
       "      <td>0.065627</td>\n",
       "      <td>-0.036167</td>\n",
       "      <td>0.167365</td>\n",
       "      <td>0.175380</td>\n",
       "      <td>0.119893</td>\n",
       "      <td>-0.432335</td>\n",
       "      <td>0.105073</td>\n",
       "      <td>0.023220</td>\n",
       "      <td>-0.074362</td>\n",
       "      <td>-0.407134</td>\n",
       "      <td>1.000000</td>\n",
       "    </tr>\n",
       "  </tbody>\n",
       "</table>\n",
       "</div>"
      ],
      "text/plain": [
       "                      price  highway-mpg  city-mpg  peak-rpm  horsepower  \\\n",
       "price              1.000000    -0.704692 -0.686571 -0.101649    0.810533   \n",
       "highway-mpg       -0.704692     1.000000  0.971337 -0.054257   -0.770908   \n",
       "city-mpg          -0.686571     0.971337  1.000000 -0.113788   -0.803620   \n",
       "peak-rpm          -0.101649    -0.054257 -0.113788  1.000000    0.130971   \n",
       "horsepower         0.810533    -0.770908 -0.803620  0.130971    1.000000   \n",
       "compression-ratio  0.071107     0.265201  0.324701 -0.436221   -0.205874   \n",
       "stroke             0.082310    -0.044528 -0.042906 -0.071493    0.090254   \n",
       "bore               0.543436    -0.594572 -0.594584 -0.264269    0.577273   \n",
       "engine-size        0.872335    -0.677470 -0.653658 -0.244618    0.810773   \n",
       "num-of-cylinders   0.708645    -0.466666 -0.445837 -0.124434    0.691633   \n",
       "curb-weight        0.834415    -0.797465 -0.757414 -0.266306    0.751034   \n",
       "height             0.135486    -0.107358 -0.048640 -0.322272   -0.110711   \n",
       "width              0.751265    -0.677218 -0.642704 -0.219957    0.642482   \n",
       "length             0.690628    -0.704662 -0.670909 -0.287325    0.555003   \n",
       "wheel-base         0.584642    -0.544082 -0.470414 -0.361052    0.352297   \n",
       "num-of-doors       0.046532    -0.044507 -0.020812 -0.242485   -0.124963   \n",
       "normalized-losses  0.203254    -0.210768 -0.258502  0.264597    0.295772   \n",
       "\n",
       "                   compression-ratio    stroke      bore  engine-size  \\\n",
       "price                       0.071107  0.082310  0.543436     0.872335   \n",
       "highway-mpg                 0.265201 -0.044528 -0.594572    -0.677470   \n",
       "city-mpg                    0.324701 -0.042906 -0.594584    -0.653658   \n",
       "peak-rpm                   -0.436221 -0.071493 -0.264269    -0.244618   \n",
       "horsepower                 -0.205874  0.090254  0.577273     0.810773   \n",
       "compression-ratio           1.000000  0.186170  0.005203     0.028971   \n",
       "stroke                      0.186170  1.000000 -0.055909     0.206675   \n",
       "bore                        0.005203 -0.055909  1.000000     0.594090   \n",
       "engine-size                 0.028971  0.206675  0.594090     1.000000   \n",
       "num-of-cylinders           -0.020002  0.008578  0.243553     0.846031   \n",
       "curb-weight                 0.151362  0.168929  0.649045     0.850594   \n",
       "height                      0.261214 -0.056999  0.176195     0.067149   \n",
       "width                       0.181129  0.182956  0.559204     0.735433   \n",
       "length                      0.158414  0.129739  0.607480     0.683360   \n",
       "wheel-base                  0.249786  0.161477  0.490378     0.569329   \n",
       "num-of-doors                0.165799 -0.010697  0.114501     0.017519   \n",
       "normalized-losses          -0.132654  0.065627 -0.036167     0.167365   \n",
       "\n",
       "                   num-of-cylinders  curb-weight    height     width  \\\n",
       "price                      0.708645     0.834415  0.135486  0.751265   \n",
       "highway-mpg               -0.466666    -0.797465 -0.107358 -0.677218   \n",
       "city-mpg                  -0.445837    -0.757414 -0.048640 -0.642704   \n",
       "peak-rpm                  -0.124434    -0.266306 -0.322272 -0.219957   \n",
       "horsepower                 0.691633     0.751034 -0.110711  0.642482   \n",
       "compression-ratio         -0.020002     0.151362  0.261214  0.181129   \n",
       "stroke                     0.008578     0.168929 -0.056999  0.182956   \n",
       "bore                       0.243553     0.649045  0.176195  0.559204   \n",
       "engine-size                0.846031     0.850594  0.067149  0.735433   \n",
       "num-of-cylinders           1.000000     0.609727 -0.013995  0.545007   \n",
       "curb-weight                0.609727     1.000000  0.295572  0.867032   \n",
       "height                    -0.013995     0.295572  1.000000  0.279210   \n",
       "width                      0.545007     0.867032  0.279210  1.000000   \n",
       "length                     0.430672     0.877728  0.491029  0.841118   \n",
       "wheel-base                 0.339507     0.776386  0.589435  0.795144   \n",
       "num-of-doors              -0.016530     0.195683  0.547651  0.202072   \n",
       "normalized-losses          0.175380     0.119893 -0.432335  0.105073   \n",
       "\n",
       "                     length  wheel-base  num-of-doors  normalized-losses  \n",
       "price              0.690628    0.584642      0.046532           0.203254  \n",
       "highway-mpg       -0.704662   -0.544082     -0.044507          -0.210768  \n",
       "city-mpg          -0.670909   -0.470414     -0.020812          -0.258502  \n",
       "peak-rpm          -0.287325   -0.361052     -0.242485           0.264597  \n",
       "horsepower         0.555003    0.352297     -0.124963           0.295772  \n",
       "compression-ratio  0.158414    0.249786      0.165799          -0.132654  \n",
       "stroke             0.129739    0.161477     -0.010697           0.065627  \n",
       "bore               0.607480    0.490378      0.114501          -0.036167  \n",
       "engine-size        0.683360    0.569329      0.017519           0.167365  \n",
       "num-of-cylinders   0.430672    0.339507     -0.016530           0.175380  \n",
       "curb-weight        0.877728    0.776386      0.195683           0.119893  \n",
       "height             0.491029    0.589435      0.547651          -0.432335  \n",
       "width              0.841118    0.795144      0.202072           0.105073  \n",
       "length             1.000000    0.874587      0.393593           0.023220  \n",
       "wheel-base         0.874587    1.000000      0.445696          -0.074362  \n",
       "num-of-doors       0.393593    0.445696      1.000000          -0.407134  \n",
       "normalized-losses  0.023220   -0.074362     -0.407134           1.000000  "
      ]
     },
     "execution_count": 6,
     "metadata": {},
     "output_type": "execute_result"
    }
   ],
   "source": [
    "df.corr()#the corelaton between the variables in the dataframe "
   ]
  },
  {
   "cell_type": "markdown",
   "id": "57c66be9",
   "metadata": {},
   "source": [
    "### to find the corelaton between specific features:"
   ]
  },
  {
   "cell_type": "code",
   "execution_count": 7,
   "id": "a0a33eb4",
   "metadata": {},
   "outputs": [
    {
     "data": {
      "text/html": [
       "<div>\n",
       "<style scoped>\n",
       "    .dataframe tbody tr th:only-of-type {\n",
       "        vertical-align: middle;\n",
       "    }\n",
       "\n",
       "    .dataframe tbody tr th {\n",
       "        vertical-align: top;\n",
       "    }\n",
       "\n",
       "    .dataframe thead th {\n",
       "        text-align: right;\n",
       "    }\n",
       "</style>\n",
       "<table border=\"1\" class=\"dataframe\">\n",
       "  <thead>\n",
       "    <tr style=\"text-align: right;\">\n",
       "      <th></th>\n",
       "      <th>bore</th>\n",
       "      <th>engine-size</th>\n",
       "      <th>stroke</th>\n",
       "      <th>horsepower</th>\n",
       "    </tr>\n",
       "  </thead>\n",
       "  <tbody>\n",
       "    <tr>\n",
       "      <th>bore</th>\n",
       "      <td>1.000000</td>\n",
       "      <td>0.594090</td>\n",
       "      <td>-0.055909</td>\n",
       "      <td>0.577273</td>\n",
       "    </tr>\n",
       "    <tr>\n",
       "      <th>engine-size</th>\n",
       "      <td>0.594090</td>\n",
       "      <td>1.000000</td>\n",
       "      <td>0.206675</td>\n",
       "      <td>0.810773</td>\n",
       "    </tr>\n",
       "    <tr>\n",
       "      <th>stroke</th>\n",
       "      <td>-0.055909</td>\n",
       "      <td>0.206675</td>\n",
       "      <td>1.000000</td>\n",
       "      <td>0.090254</td>\n",
       "    </tr>\n",
       "    <tr>\n",
       "      <th>horsepower</th>\n",
       "      <td>0.577273</td>\n",
       "      <td>0.810773</td>\n",
       "      <td>0.090254</td>\n",
       "      <td>1.000000</td>\n",
       "    </tr>\n",
       "  </tbody>\n",
       "</table>\n",
       "</div>"
      ],
      "text/plain": [
       "                 bore  engine-size    stroke  horsepower\n",
       "bore         1.000000     0.594090 -0.055909    0.577273\n",
       "engine-size  0.594090     1.000000  0.206675    0.810773\n",
       "stroke      -0.055909     0.206675  1.000000    0.090254\n",
       "horsepower   0.577273     0.810773  0.090254    1.000000"
      ]
     },
     "execution_count": 7,
     "metadata": {},
     "output_type": "execute_result"
    }
   ],
   "source": [
    "df[['bore','engine-size','stroke','horsepower']].corr()"
   ]
  },
  {
   "cell_type": "markdown",
   "id": "91ecae2c",
   "metadata": {},
   "source": [
    "## REGRESSION PLOTS "
   ]
  },
  {
   "cell_type": "code",
   "execution_count": 8,
   "id": "3e702cae",
   "metadata": {},
   "outputs": [
    {
     "data": {
      "text/html": [
       "<div>\n",
       "<style scoped>\n",
       "    .dataframe tbody tr th:only-of-type {\n",
       "        vertical-align: middle;\n",
       "    }\n",
       "\n",
       "    .dataframe tbody tr th {\n",
       "        vertical-align: top;\n",
       "    }\n",
       "\n",
       "    .dataframe thead th {\n",
       "        text-align: right;\n",
       "    }\n",
       "</style>\n",
       "<table border=\"1\" class=\"dataframe\">\n",
       "  <thead>\n",
       "    <tr style=\"text-align: right;\">\n",
       "      <th></th>\n",
       "      <th>engine-size</th>\n",
       "      <th>price</th>\n",
       "    </tr>\n",
       "  </thead>\n",
       "  <tbody>\n",
       "    <tr>\n",
       "      <th>engine-size</th>\n",
       "      <td>1.000000</td>\n",
       "      <td>0.872335</td>\n",
       "    </tr>\n",
       "    <tr>\n",
       "      <th>price</th>\n",
       "      <td>0.872335</td>\n",
       "      <td>1.000000</td>\n",
       "    </tr>\n",
       "  </tbody>\n",
       "</table>\n",
       "</div>"
      ],
      "text/plain": [
       "             engine-size     price\n",
       "engine-size     1.000000  0.872335\n",
       "price           0.872335  1.000000"
      ]
     },
     "execution_count": 8,
     "metadata": {},
     "output_type": "execute_result"
    },
    {
     "data": {
